TweetId,TweetTimestamp,EstimatedTimestamp,Error
299,1143260855,1143263342,2487
133,1143074792,1143077411,2619
426,1143420907,1143435414,14507
177,1143139967,1143135266,4701
241,1143172766,1143145785,26981
124,1143072349,1143065317,7032
305,1143269202,1143271427,2225
469,1143490981,1143493921,2940
185,1143145785,1143073466,72319
158,1143096664,1143110283,13619
1026,1144027178,1144032259,5081
731,1143825589,1143816077,9512
1109,1144095377,1144090781,4596
1124,1144102170,1144101358,812
1062,1144079071,1144057642,21429
685,1143742509,1143741575,934
1064,1144080021,1144059052,20969
774,1143857865,1143851244,6621
1237,1144179456,1144175125,4331
867,1143918131,1143909148,8983
1535,1144456605,1144457898,1293
1773,1144721159,1144721794,635
1611,1144535396,1144530727,4669
1517,1144451965,1144447379,4586
1285,1144201110,1144204167,3057
1431,1144379875,1144385791,5916
1734,1144695812,1144690104,5708
1673,1144610872,1144606519,4353
1263,1144190337,1144191027,690
1475,1144428251,1144422836,5415
2076,1144973697,1144972447,1250
2028,1144946355,1144947959,1604
2327,1145237486,1145249533,12047
1874,1144807000,1144798260,8740
1910,1144822769,1144827599,4830
2355,1145305836,1145305046,790
1945,1144870359,1144862918,7441
2212,1145077875,1145097256,19381
2248,1145136430,1145138148,1718
2346,1145290930,1145291999,1069
2604,1145630582,1145626849,3733
2631,1145662809,1145659564,3245
2519,1145510035,1145511121,1086
2527,1145542811,1145523590,19221
2676,1145738417,1145652555,85862
2430,1145396060,1145400931,4871
2512,1145500057,1145500210,153
2705,1145757624,1145756939,685
2537,1145562025,1145539177,22848
2548,1145568661,1145556323,12338
3226,1146451607,1146453456,1849
2862,1146072105,1146066880,5225
2962,1146249021,1146246854,2167
3197,1146435077,1146410507,24570
2896,1146133864,1146145311,11447
3064,1146270527,1146301924,31397
2865,1146078277,1146073825,4452
3293,1146530600,1146534559,3959
3273,1146522407,1146510792,11615
3259,1146511144,1146494148,16996
3651,1146886575,1146887403,828
3380,1146620300,1146616328,3972
3350,1146596692,1146598631,1939
3378,1146620094,1146615148,4946
3732,1146994914,1146996042,1128
3385,1146621877,1146619278,2599
3678,1146936173,1146915479,20694
3823,1147145455,1147138950,6505
3780,1147104698,1147100724,3974
3422,1146670929,1146657628,13301
3873,1147200895,1147189928,10967
4235,1147483216,1147490525,7309
3878,1147202690,1147195488,7202
4405,1147707613,1147685175,22438
4108,1147379182,1147376790,2392
3908,1147218181,1147220058,1877
3966,1147279655,1147262581,17074
4431,1147719905,1147711634,8271
3988,1147296755,1147288833,7922
4048,1147366813,1147337061,29752
4703,1148011772,1148026181,14409
4797,1148089945,1148099553,9608
4839,1148144222,1148138966,5256
4695,1148007313,1148018751,11438
4507,1147795182,1147789225,5957
4754,1148071480,1148065497,5983
4649,1147983862,1147982655,1207
4727,1148052613,1148047433,5180
4773,1148080469,1148078208,2261
4686,1148001371,1148010392,9021
5336,1148703561,1148707598,4037
5173,1148530983,1148535987,5004
5292,1148681380,1148680332,1048
5417,1148787141,1148785829,1312
5536,1148858178,1148861389,3211
5498,1148844532,1148837995,6537
5323,1148696895,1148697539,644
5162,1148519892,1148518476,1416
5602,1148938001,1148942534,4533
5344,1148706937,1148716586,9649
5832,1149222009,1149144889,77120
5630,1149006503,1148984907,21596
5626,1148998315,1148978659,19656
5936,1149357970,1149356614,1356
5870,1149287027,1149276831,10196
6000,1149408162,1149407860,302
5910,1149311380,1149326972,15592
5692,1149055077,1149073155,18078
6065,1149487466,1149496666,9200
5641,1149016998,1149002088,14910
6481,1150058581,1150048474,10107
6462,1150007665,1150021271,13606
6553,1150147814,1150146881,933
6289,1149806085,1149801138,4947
6135,1149612876,1149600969,11907
6308,1149814532,1149813358,1174
6309,1149814540,1149814001,539
6134,1149612657,1149599500,13157
6474,1150055306,1150038452,16854
6509,1150077433,1150087661,10228
6786,1150414738,1150414805,67
6697,1150331371,1150332315,944
6783,1150414635,1150413346,1289
7102,1150765035,1150702939,62096
6613,1150241804,1150244666,2862
7059,1150735229,1150716487,18742
6755,1150400471,1150389263,11208
7096,1150758934,1150758261,673
6748,1150398057,1150381279,16778
7037,1150691287,1150694744,3457
7464,1151080853,1151071033,9820
7223,1150870505,1150871647,1142
7442,1151040610,1151047050,6440
7616,1151186260,1151179126,7134
7177,1150834184,1150839124,4940
7654,1151207506,1151207147,359
7567,1151135282,1151142995,7713
7642,1151203594,1151198298,5296
7211,1150863693,1150862745,948
7417,1151029770,1151028730,1040
8300,1151715159,1151715049,110
8551,1151904457,1151909752,5295
8619,1151989048,1151997702,8654
8301,1151715442,1151715768,326
8070,1151542999,1151550746,7747
8092,1151556475,1151561594,5119
8151,1151615957,1151605166,10791
7907,1151432714,1151420050,12664
8418,1151806199,1151800141,6058
8019,1151525524,1151525597,73
8982,1152290730,1152289040,1690
8805,1152129166,1152126357,2809
8731,1152071015,1152073377,2362
8994,1152294807,1152296836,2029
9213,1152484364,1152486278,1914
9088,1152392642,1152384770,7872
9185,1152464520,1152459927,4593
8712,1152060972,1152065561,4589
8962,1152248884,1152267327,18443
8900,1152218720,1152214129,4591
11045,1153172828,1153172035,793
10114,1152917864,1152919372,1508
9804,1152833708,1152839811,6103
9836,1152842317,1152849554,7237
9449,1152666068,1152674001,7933
10008,1152897628,1152898916,1288
10835,1153115486,1153132561,17075
10087,1152913340,1152914162,822
10643,1153080678,1153011794,68884
10552,1153068181,1153052185,15996
12194,1153390455,1153344203,46252
13494,1153768169,1153764028,4141
12568,1153467972,1153481198,13226
12550,1153461847,1153476305,14458
11960,1153343342,1153342140,1202
13384,1153753067,1153727155,25912
12947,1153552896,1153560763,7867
12908,1153543659,1153548632,4973
13479,1153763919,1153758999,4920
13110,1153609201,1153610865,1664
13740,1153863713,1153863551,162
15337,1154396103,1154363852,32251
13752,1153865683,1153867971,2288
14161,1154002125,1154005447,3322
14992,1154264814,1154262593,2221
14561,1154115111,1154115359,248
15123,1154315084,1154329113,14029
14222,1154022592,1154023546,954
14284,1154034382,1154041876,7494
13649,1153841778,1153832534,9244
16734,1154920230,1154928299,8069
16594,1154838112,1154856443,18331
16642,1154881280,1154879821,1459
15561,1154469496,1154473328,3832
16397,1154755641,1154761961,6320
16452,1154796182,1154787250,8932
16326,1154735080,1154733901,1179
16630,1154872618,1154874360,1742
16925,1155009895,1154963862,46033
16024,1154629294,1154621298,7996
17167,1155147829,1155142094,5735
18046,1155654740,1155643086,11654
17902,1155574540,1155557425,17115
17835,1155508074,1155512310,4236
16958,1155043837,1155028326,15511
17780,1155459912,1155471645,11733
17733,1155427046,1155430160,3114
17880,1155564013,1155542765,21248
17117,1155105874,1155115696,9822
17099,1155101276,1155106192,4916
19428,1156268185,1156259207,8978
18574,1155851397,1155855445,4048
18306,1155752355,1155748634,3721
18718,1155922060,1155920987,1073
19421,1156266850,1156256346,10504
18555,1155845691,1155847959,2268
19451,1156271899,1156268606,3293
18520,1155833109,1155834169,1060
18482,1155826432,1155816811,9621
19450,1156271704,1156268197,3507
19520,1156286039,1156290584,4545
19716,1156362312,1156349185,13127
22855,1156771643,1156765078,6565
20029,1156446162,1156436586,9576
20051,1156450255,1156442096,8159
20527,1156562375,1156573405,11030
20824,1156651453,1156662231,10778
20045,1156449765,1156440593,9172
20199,1156479872,1156480688,816
19747,1156369424,1156358739,10685
25201,1157329249,1157326821,2428
25441,1157389029,1157382884,6145
24194,1157063892,1157065467,1575
25215,1157333935,1157330734,3201
24338,1157088452,1157088336,116
24157,1157059045,1157059591,546
24702,1157185252,1157186415,1163
24339,1157088495,1157039739,48756
25386,1157381844,1157370934,10910
24754,1157207864,1157203811,4053
28328,1157923841,1157921699,2142
27698,1157805999,1157806345,346
27566,1157769406,1157781064,11658
28206,1157908112,1157896339,11773
28939,1158031560,1158033183,1623
26820,1157672398,1157673646,1248
27172,1157726651,1157725588,1063
27729,1157813243,1157812282,961
26617,1157652592,1157643550,9042
29174,1158073772,1158071290,2482
31772,1158529866,1158534952,5086
30258,1158243749,1158231025,12724
29554,1158122346,1158130611,8265
30966,1158342248,1158340785,1463
29657,1158145865,1158146576,711
31849,1158548381,1158551814,3433
30941,1158339789,1158336697,3092
29264,1158083830,1158085662,1832
30359,1158254584,1158245528,9056
31177,1158371810,1158372980,1170
35009,1159212312,1159212440,128
33534,1158875624,1158871227,4397
33318,1158831877,1158829851,2026
33967,1158958726,1158955068,3658
33872,1158945249,1158936593,8656
32334,1158654389,1158653404,985
32374,1158664010,1158660272,3738
32756,1158723576,1158725864,2288
35089,1159223673,1159228252,4579
35296,1159277885,1159269719,8166
37017,1159572019,1159585998,13979
37871,1159798275,1159797854,421
38158,1159848369,1159853790,5421
35470,1159302101,1159304077,1976
35915,1159380487,1159383008,2521
38032,1159822941,1159825472,2531
36783,1159542332,1159544564,2232
37512,1159679113,1159687737,8624
38282,1159889272,1159886606,2666
35512,1159308601,1159311451,2850
39395,1160109573,1160111956,2383
40411,1160358002,1160365199,7197
40151,1160281282,1160287313,6031
38838,1160000958,1160006254,5296
38790,1159995338,1159996744,1406
39224,1160084044,1160079952,4092
38689,1159979445,1159972792,6653
39883,1160225603,1160220218,5385
39710,1160182394,1160185351,2957
38552,1159940022,1159936794,3228
42296,1160669244,1160660614,8630
43025,1160797855,1160801683,3828
42965,1160790091,1160790566,475
41431,1160537494,1160546455,8961
41328,1160529022,1160533659,4637
41765,1160587358,1160587359,1
43814,1160961852,1160962403,551
42595,1160712446,1160717013,4567
41077,1160500330,1160495894,4436
42544,1160703232,1160703863,631
46745,1161546043,1161547532,1489
45952,1161382690,1161377536,5154
44887,1161194395,1161190766,3629
45194,1161262525,1161258450,4075
45575,1161316229,1161316479,250
46095,1161402694,1161405228,2534
45981,1161386986,1161382261,4725
44763,1161167442,1161163363,4079
44659,1161141654,1161142438,784
46524,1161488856,1161491315,2459
49948,1161956196,1161947187,9009
52862,1162291040,1162284076,6964
48224,1161792443,1161789552,2891
49831,1161942897,1161937129,5768
48149,1161784928,1161777555,7373
48640,1161838557,1161843108,4551
49485,1161909599,1161908745,854
49711,1161927123,1161926814,309
47801,1161722689,1161722223,466
50615,1162007677,1162011865,4188
56903,1162751117,1162747745,3372
53596,1162357327,1162364790,7463
53592,1162356765,1162364408,7643
54172,1162417966,1162421475,3509
54052,1162407881,1162408647,766
56449,1162678688,1162685660,6972
55751,1162587543,1162585826,1717
53699,1162374591,1162374613,22
55770,1162589045,1162588061,984
54895,1162495674,1162495312,362
64542,1163400120,1163398924,1196
60332,1163042491,1163044230,1739
62898,1163248081,1163248640,559
63031,1163261252,1163260942,310
63636,1163308887,1163316900,8013
64834,1163429765,1163422208,7557
61717,1163141394,1163148394,7000
66286,1163524834,1163523395,1439
61300,1163112993,1163116689,3696
63850,1163342988,1163336504,6484
74287,1163922038,1163922741,703
66562,1163541675,1163541299,376
70556,1163736554,1163742586,6032
76543,1164035515,1164033188,2327
74589,1163943410,1163938427,4983
70614,1163739886,1163745348,5462
66792,1163554758,1163555865,1107
70939,1163761560,1163760066,1494
71421,1163779635,1163778503,1132
69398,1163690122,1163687439,2683
272713,1164578670,1164577299,1371
79560,1164122983,1164107629,15354
304143,1164637180,1164623779,13401
401873,1164766392,1164768335,1943
434643,1164820674,1164814490,6184
667713,1165319067,1165313832,5235
613173,1165209377,1165216311,6934
716883,1165386612,1165396623,10011
782093,1165500217,1165495359,4858
717073,1165387017,1165396907,9890
1338543,1166483608,1166492875,9267
1029543,1165966098,1165970092,3994
1303823,1166441817,1166441869,52
1197123,1166213665,1166216806,3141
1554113,1166810937,1166808231,2706
1658553,1167031934,1167037950,6016
1698923,1167152851,1167152094,757
1951753,1167685303,1167683869,1434
2470623,1168364159,1168358063,6096
2246453,1168058414,1168061331,2917
2167853,1167954054,1167959702,5648
2174263,1167962719,1167968251,5532
2855133,1168811402,1168815108,3706
2547303,1168441110,1168440157,953
2662803,1168555244,1168555311,67
2544653,1168438650,1168436849,1801
2738583,1168634715,1168642752,8037
3632673,1169426756,1169427388,632
3713433,1169489754,1169486491,3263
3280603,1169151682,1169150682,1000
3438573,1169284491,1169287124,2633
3960043,1169658850,1169658633,217
4126003,1169773268,1169779391,6123
4711593,1170181916,1170176582,5334
4690253,1170172584,1170164782,7802
5180363,1170458616,1170464391,5775
5321614,1170673254,1170667654,5600
5317154,1170636460,1170633700,2760
5188753,1170462976,1170470054,7078
4810453,1170240085,1170234281,5804
5389328,1171021939,1171016073,5866
5431687,1171217186,1171210919,6267
5388486,1171017023,1171012030,4993
5403860,1171071100,1171085443,14343
5403963,1171071446,1171085932,14486
5349923,1170840845,1170842766,1921
5350363,1170844363,1170845184,821
5416615,1171139499,1171147776,8277
5386236,1171002947,1171001227,1720
5474484,1171351309,1171354072,2763
5602390,1171975878,1171967650,8228
5497783,1171450243,1171444004,6239
5607198,1171993134,1171991117,2017
5559618,1171741044,1171737066,3978
5589873,1171910692,1171905132,5560
5514998,1171514594,1171518509,3915
5555305,1171720474,1171711652,8822
5537485,1171627849,1171627941,92
5512461,1171502765,1171506147,3382
5562027,1171752635,1171751261,1374
5687183,1172395207,1172393209,1998
5701430,1172470794,1172475110,4316
5719401,1172544589,1172545804,1215
5665958,1172265426,1172267761,2335
5628417,1172089277,1172090823,1546
5700002,1172463412,1172468217,4805
5708750,1172508365,1172508778,413
5676183,1172329756,1172328978,778
5636826,1172128436,1172127921,515
5662227,1172251861,1172248689,3172
5798429,1172855848,1172856674,826
5853482,1173109359,1173110833,1474
5819984,1172953260,1172952337,923
5767187,1172733589,1172731739,1850
5824421,1172972254,1172976904,4650
5792356,1172836848,1172837063,215
5859253,1173126408,1173127572,1164
5730535,1172595043,1172589086,5957
5737413,1172614467,1172616620,2153
5835355,1173037688,1173037836,148
7195591,1173744446,1173745184,738
7191291,1173743730,1173744452,722
7446131,1173804739,1173802586,2153
6245021,1173496831,1173508199,11368
5903982,1173277518,1173275596,1922
8762011,1174085598,1174088631,3033
8672631,1174070029,1174069988,41
8720011,1174078102,1174079871,1769
11976151,1174729774,1174732180,2406
10951781,1174557125,1174554015,3110
11833751,1174696597,1174700322,3725
15544831,1175218404,1175222243,3839
16532681,1175345844,1175343115,2729
14879371,1175153536,1175156364,2828
17103581,1175444814,1175440682,4132
22176981,1176055816,1176054994,822
19940951,1175779402,1175779397,5
18642501,1175624723,1175626265,1542
22406941,1176083051,1176084324,1273
19001181,1175664520,1175666524,2004
22837821,1176133276,1176131861,1415
24829081,1176311298,1176310227,1071
27399801,1176507497,1176510130,2633
36074622,1177259801,1177260207,406
34233162,1177083768,1177080398,3370
36644292,1177310103,1177306573,3530
35382612,1177189588,1177189932,344
36658792,1177311579,1177307697,3882
32221531,1176913123,1176913305,182
44043372,1177855818,1177856391,573
40978082,1177612583,1177615619,3036
50661992,1178351513,1178353841,2328
49601672,1178277604,1178274193,3411
54981322,1178624187,1178624833,646
56299802,1178673876,1178674368,492
61594162,1178987468,1178986960,508
69276982,1179525268,1179528521,3253
70756822,1179628110,1179628062,48
81576852,1180367844,1180367838,6
75605752,1179946401,1179947845,1444
74578292,1179877783,1179877853,70
80271632,1180264013,1180260659,3354
89289572,1180880202,1180878370,1832
90028602,1180930221,1180929755,466
97212762,1181391137,1181389496,1641
99398472,1181545393,1181544412,981
95627412,1181287103,1181286000,1103
105695882,1181911760,1181908468,3292
103933772,1181805508,1181804691,817
103233702,1181755968,1181758846,2878
112119642,1182298900,1182299275,375
121419292,1182858197,1182858711,514
112018862,1182293526,1182294126,600
129015412,1183286143,1183285543,600
130091572,1183350572,1183349866,706
123831962,1182990197,1182990614,417
139026192,1183836250,1183838646,2396
133946952,1183551847,1183550983,864
144814012,1184162671,1184161257,1414
144696932,1184157376,1184155649,1727
150558262,1184475495,1184475577,82
143625332,1184102824,1184103588,764
160461542,1184984866,1184984945,79
161907172,1185077254,1185078786,1532
156213882,1184782915,1184784316,1401
157436162,1184845391,1184843829,1562
160690112,1184998917,1184998843,74
155603472,1184755071,1184753822,1249
173929112,1185678881,1185678671,210
173068592,1185631658,1185631011,647
177459112,1185847861,1185848315,454
175189582,1185747311,1185745364,1947
171759432,1185557030,1185557946,916
176272382,1185799049,1185797809,1240
177666302,1185857250,1185857151,99
187713442,1186307804,1186306875,929
189440802,1186393776,1186389864,3912
189273352,1186385821,1186382594,3227
192460662,1186515346,1186517640,2294
196939512,1186695451,1186697443,1992
214289162,1187535466,1187533829,1637
207054962,1187170272,1187168336,1936
206420362,1187139611,1187139806,195
226360772,1188033459,1188036190,2731
221474602,1187834583,1187834002,581
229744042,1188199884,1188198914,970
229860332,1188204995,1188204133,862
223897632,1187930185,1187929668,517
241784232,1188694577,1188695642,1065
240596772,1188630246,1188630518,272
254476292,1189241366,1189241725,359
258109772,1189407837,1189404326,3511
260995982,1189510619,1189510489,130
276584692,1190118475,1190114172,4303
269783292,1189825887,1189829695,3808
274830622,1190051237,1190051406,169
276280702,1190107121,1190103262,3859
268087592,1189764037,1189764324,287
274133632,1190029619,1190026573,3046
261098512,1189514197,1189514161,36
286400182,1190481923,1190481810,113
282699452,1190332381,1190332934,553
282175232,1190313257,1190314869,1612
289855162,1190638838,1190636426,2412
292961442,1190753787,1190754345,558
303554062,1191184417,1191186143,1726
293665732,1190780837,1190780905,68
293934312,1190792612,1190791218,1394
303263362,1191172179,1191173226,1047
302413042,1191132402,1191134918,2516
315928422,1191657471,1191655553,1918
315997572,1191661235,1191658762,2473
313623782,1191568826,1191568767,59
336665972,1192434247,1192432769,1478
333102952,1192285865,1192283640,2225
331825812,1192229413,1192229798,385
353694982,1193025277,1193024998,279
345379952,1192722335,1192721228,1107
339006592,1192514298,1192514134,164
370727882,1193596128,1193594346,1782
380408262,1193921797,1193919927,1870
382194842,1193974391,1193976657,2266
387267462,1194173551,1194171264,2287
388729752,1194231032,1194231245,213
395726172,1194454870,1194456658,1788
396218992,1194468586,1194470381,1795
406306082,1194812670,1194812000,670
421882092,1195318000,1195316691,1309
421640502,1195310066,1195307159,2907
429295812,1195570658,1195568365,2293
431476062,1195634023,1195633812,211
430094322,1195590770,1195592241,1471
434469652,1195722531,1195721756,775
460352342,1196516751,1196516426,325
455501532,1196368539,1196369566,1027
468728162,1196782601,1196781327,1274
469137232,1196790286,1196790380,94
483727592,1197213071,1197210981,2090
486188632,1197282766,1197281958,808
507996872,1197907612,1197882091,25521
496550462,1197539269,1197539603,334
493380412,1197461622,1197460218,1404
495703462,1197513640,1197516766,3126
521541512,1198253341,1198251731,1610
527005142,1198432866,1198431633,1233
527536192,1198449356,1198449369,13
529120022,1198499015,1198498268,747
519540282,1198199023,1198200548,1525
535252102,1198686415,1198687266,851
550471312,1199134095,1199136834,2739
549724912,1199115739,1199117737,1998
547283402,1199045362,1199045248,114
566246642,1199565612,1199566721,1109
565864162,1199555351,1199556395,1044
559452222,1199390817,1199391804,987
568540482,1199633379,1199631361,2018
594300772,1200236041,1200234287,1754
581692762,1199926486,1199929882,3396
593754852,1200219498,1200217996,1502
621556732,1200869371,1200868806,565
612228832,1200632042,1200634582,2540
634494872,1201137244,1201137267,23
632743512,1201104229,1201102137,2092
677399492,1202155153,1202154964,189
679437312,1202207228,1202202163,5065
692496292,1202526971,1202526984,13
683324502,1202299316,1202299323,7
701466132,1202773618,1202777536,3918
750798052,1203842808,1203839832,2976
761026232,1204041662,1204039958,1704
746239832,1203730870,1203733509,2639
747040772,1203749748,1203749577,171
748039392,1203776698,1203773821,2877
755274522,1203938086,1203934693,3393
730784942,1203431844,1203428353,3491
764150471,1204145152,1204146414,1262
764903181,1204297558,1204293734,3824
765725515,1204478868,1204478937,69
764651660,1204236145,1204239193,3048
765491863,1204414987,1204416324,1337
764728947,1204250488,1204253660,3172
764450543,1204205967,1204201799,4168
761774072,1204052154,1204052513,359
765990205,1204541542,1204536853,4689
765226402,1204372347,1204372380,33
767790331,1204848618,1204849506,888
768533102,1204993635,1204990483,3152
768060987,1204901598,1204897157,4441
767511997,1204806417,1204800976,5441
767918174,1204874258,1204872014,2244
767100176,1204733093,1204730002,3091
766933463,1204703281,1204701626,1655
766614776,1204649186,1204647007,2179
769209269,1205137285,1205132274,5011
768465264,1204980127,1204975533,4594
770537909,1205350797,1205353983,3186
771622154,1205521614,1205524291,2677
770138961,1205286301,1205287927,1626
771938428,1205587157,1205582816,4341
771428201,1205496878,1205494007,2871
772211316,1205640139,1205641132,993
770640156,1205366451,1205371167,4716
772649241,1205730782,1205732240,1458
770766427,1205389187,1205392389,3202
770294873,1205316457,1205313613,2844
776010799,1206324024,1206321868,2156
775332047,1206177692,1206177396,296
776684179,1206440240,1206438801,1439
773950606,1205941287,1205937623,3664
776252328,1206371396,1206367053,4343
775017007,1206115928,1206117336,1408
774416407,1206019456,1206014929,4527
773966542,1205943047,1205940133,2914
775502586,1206212607,1206214263,1656
773314346,1205844007,1205836919,7088
780103766,1206963192,1206956116,7076
778544300,1206706574,1206705203,1371
777202238,1206510712,1206513397,2685
778677934,1206721443,1206724220,2777
778385489,1206677010,1206681055,4045
778219436,1206653720,1206655806,2086
777314096,1206532543,1206528322,4221
777644779,1206570972,1206571503,531
779070925,1206780283,1206778650,1633
777246722,1206520272,1206519524,748
783593772,1207433854,1207434657,803
784851664,1207630283,1207633709,3426
783246541,1207370954,1207372641,1687
780888980,1207064055,1207064970,915
781258138,1207109824,1207112339,2515
781976795,1207205455,1207204334,1121
784510699,1207587544,1207588276,732
783111902,1207349439,1207349777,338
781363639,1207128409,1207125648,2761
782340861,1207250333,1207253622,3289
786619355,1207849837,1207848628,1209
786088454,1207782413,1207786118,3705
786780699,1207867470,1207867655,185
785341570,1207690194,1207690496,302
787186312,1207922315,1207921477,838
789362917,1208240923,1208243003,2080
789256264,1208221790,1208228364,6574
789323434,1208229826,1208237583,7757
786049462,1207777648,1207781364,3716
787902843,1208024550,1208022719,1831
793990182,1208829301,1208829491,190
789955017,1208308836,1208308204,632
789709668,1208281263,1208282437,1174
790685411,1208387022,1208389198,2176
794189225,1208858406,1208853007,5399
790453723,1208365929,1208367003,1074
791488220,1208478996,1208482683,3687
792290073,1208574177,1208576696,2519
794118955,1208847540,1208844650,2890
792334540,1208584102,1208584137,35
798560376,1209372531,1209371389,1142
798545879,1209370371,1209369946,425
794462136,1208885363,1208885415,52
795516376,1208993313,1208996345,3032
795197475,1208964743,1208962000,2743
795685731,1209012379,1209015955,3576
798850975,1209401993,1209400325,1668
799286330,1209446462,1209450331,3869
795320852,1208974881,1208974379,502
795399491,1208981965,1208982810,845
803572672,1209956028,1209956043,15
802822669,1209850479,1209853420,2941
799851894,1209504622,1209505020,398
801335200,1209663461,1209666894,3433
803415329,1209935720,1209935074,646
802085590,1209753682,1209753017,665
803597553,1209959032,1209959040,8
802390524,1209787485,1209793263,5778
803247660,1209915570,1209911711,3859
801017276,1209628568,1209627463,1105
806231571,1210239480,1210239738,258
806789180,1210288339,1210290510,2171
805130928,1210121603,1210126431,4828
808897838,1210546114,1210545732,382
808021401,1210430688,1210429582,1106
804936342,1210102806,1210104182,1376
808544042,1210499875,1210498395,1480
808620443,1210512015,1210508617,3398
807185759,1210336322,1210335411,911
810201516,1210686838,1210683006,3832
812059659,1210868315,1210866668,1647
815450624,1211251779,1211255085,3306
814407972,1211143116,1211143177,61
815564933,1211263922,1211268547,4625
812814231,1210949145,1210946188,2957
812850474,1210951720,1210949465,2255
812309536,1210893795,1210893892,97
810424599,1210703862,1210704908,1046
810865640,1210747471,1210745715,1756
810328353,1210696099,1210696223,124
820172443,1211808642,1211805416,3226
816992949,1211414390,1211416720,2330
820824542,1211887608,1211884618,2990
817761390,1211490785,1211493206,2421
820826425,1211887831,1211884803,3028
817808303,1211495256,1211497808,2552
816642722,1211381452,1211380699,753
820633631,1211860946,1211862966,2020
821043519,1211906827,1211906188,639
817791295,1211493576,1211496139,2563
822321613,1212046253,1212045525,728
822377924,1212054122,1212052082,2040
821714132,1211982503,1211982872,369
823629154,1212183866,1212188503,4637
823470195,1212166381,1212166702,321
822835961,1212097993,1212099024,1031
821428312,1211946884,1211949610,2726
824663998,1212336942,1212334080,2862
824080064,1212250592,1212250132,460
823920985,1212228793,1212228520,273
826724478,1212575854,1212572944,2910
826841431,1212587879,1212584457,3422
826553491,1212553227,1212555508,2281
828110191,1212716465,1212717870,1405
829509991,1212893684,1212895777,2093
826709089,1212573766,1212571429,2337
830948149,1213058963,1213062337,3374
827553422,1212662264,1212661759,505
827879066,1212692203,1212692167,36
829646197,1212914762,1212915569,807
834945995,1213488185,1213490434,2249
835340054,1213545969,1213546155,186
832452424,1213215218,1213215622,404
834663304,1213453995,1213450160,3835
835921356,1213618760,1213613041,5719
832331269,1213204461,1213204795,334
835895321,1213615996,1213610261,5735
836386229,1213658447,1213660803,2356
833852669,1213362911,1213361928,983
836589746,1213680447,1213680902,455
841649126,1214229287,1214229427,140
838801150,1213894018,1213893123,895
838897548,1213902389,1213903035,646
836879377,1213712093,1213708071,4022
841050571,1214156735,1214155598,1137
841585634,1214223542,1214223438,104
839803188,1213994513,1213995346,833
838928214,1213905085,1213906384,1299
841797746,1214241679,1214243030,1351
841849565,1214246403,1214247772,1369
842571261,1214324176,1214325485,1309
847049626,1214847566,1214848339,773
845447479,1214630837,1214634231,3394
846375610,1214769533,1214765468,4065
842909318,1214358910,1214359163,253
844619196,1214532586,1214535100,2514
845873435,1214691611,1214695782,4171
845737530,1214673045,1214675792,2747
844456722,1214515401,1214518288,2887
843037255,1214373545,1214372446,1099
849932578,1215164777,1215162369,2408
847799115,1214933350,1214932595,755
852222122,1215458145,1215459862,1717
851810543,1215418206,1215416588,1618
851528804,1215382597,1215382189,408
848652842,1215025720,1215026481,761
850018929,1215176234,1215172435,3799
850076020,1215182133,1215179089,3044
849031349,1215064953,1215065605,652
848521347,1215013031,1215014178,1147
858159407,1216053131,1216048607,4524
853845211,1215620389,1215620809,420
853746336,1215613665,1215610733,2932
858376550,1216068909,1216069102,193
853457166,1215581094,1215580718,376
857500506,1215986922,1215986068,854
855862196,1215797573,1215799970,2397
857662662,1216003902,1216001459,2443
858217944,1216057205,1216054163,3042
858318289,1216064404,1216063688,716
860676136,1216279156,1216276820,2336
862067697,1216403311,1216405022,1711
859867505,1216205687,1216202791,2896
863428630,1216561810,1216560074,1736
863098531,1216516886,1216519772,2886
861225972,1216324204,1216327324,3120
859728121,1216186394,1216190001,3607
862981655,1216503708,1216505330,1622
861838109,1216388753,1216384275,4478
861492884,1216344938,1216352157,7219
868140354,1216996891,1216992359,4532
867480915,1216933441,1216934120,679
867968423,1216982480,1216977175,5305
865244732,1216743410,1216738801,4609
866911992,1216889746,1216883182,6564
866885478,1216886512,1216880804,5708
867143250,1216910358,1216903919,6439
865075620,1216732416,1216724508,7908
868492435,1217021413,1217024045,2632
865814106,1216786668,1216787246,578
876803570,1217814591,1217814186,405
871694945,1217350035,1217344048,5987
875030806,1217620190,1217629726,9536
871455690,1217329932,1217323444,6488
874994082,1217617456,1217626327,8871
873005462,1217453797,1217455720,1923
876307775,1217762664,1217760320,2344
873689021,1217515618,1217513545,2073
875884137,1217710235,1217711413,1178
872039635,1217372830,1217373642,812
883913507,1218439686,1218436507,3179
883566177,1218405852,1218405615,237
883805131,1218427689,1218427576,113
882099495,1218243511,1218246864,3353
879016310,1217998996,1218005253,6257
879481596,1218040189,1218041494,1305
878778882,1217979368,1217985937,6569
883867007,1218434274,1218432675,1599
885238899,1218551145,1218545205,5940
881160504,1218170563,1218170214,349
890840754,1219044987,1219046585,1598
886449541,1218643729,1218643568,161
888261830,1218787115,1218787512,397
889643751,1218915985,1218916111,126
887820959,1218748862,1218754482,5620
888009708,1218763543,1218768623,5080
891771216,1219117510,1219120884,3374
888479812,1218809298,1218805343,3955
885878892,1218595324,1218597257,1933
891084594,1219069066,1219069328,262
892429632,1219171070,1219170071,999
892371262,1219167265,1219165716,1549
893136599,1219231247,1219223619,7628
895294096,1219392814,1219395322,2508
895849662,1219434150,1219442166,8016
893928071,1219284072,1219285072,1000
893191428,1219235894,1219227841,8053
898926095,1219720310,1219726575,6265
892716990,1219191384,1219191512,128
894553681,1219335969,1219334695,1274
904214129,1220124509,1220125204,695
903415567,1220047095,1220051390,4295
905030013,1220209958,1220209801,157
903975298,1220105301,1220100619,4682
903737785,1220074556,1220075049,493
901565502,1219924701,1219919260,5441
903164682,1220031210,1220034880,3670
899736281,1219783485,1219783616,131
902120493,1219957603,1219961034,3431
901470906,1219914964,1219912012,2952
908520566,1220474045,1220475195,1150
910117704,1220577251,1220577706,455
912355584,1220750046,1220757085,7039
908502143,1220472980,1220474089,1109
912601961,1220774605,1220779543,4938
914140479,1220898603,1220898368,235
910918424,1220633382,1220633196,186
906463376,1220331126,1220330297,829
911090337,1220642856,1220647397,4541
910459514,1220601161,1220601393,232
916908425,1221081838,1221085546,3708
921432984,1221431669,1221430349,1320
919480009,1221257374,1221265782,8408
921371596,1221426636,1221424970,1666
917507259,1221131124,1221123496,7628
923456927,1221578786,1221575631,3155
921183189,1221412733,1221408459,4274
918272593,1221176035,1221176595,560
920183207,1221320886,1221321177,291
922939486,1221537661,1221538910,1249
930171420,1222071686,1222066992,4694
931531205,1222169994,1222165560,4434
928730152,1221944861,1221942879,1982
930454749,1222094271,1222087330,6941
930818281,1222114185,1222113425,760
926622343,1221785665,1221788329,2664
929950756,1222051172,1222050936,236
930620985,1222103199,1222099263,3936
926387111,1221771018,1221771632,614
928413918,1221921192,1221913887,7305
937746713,1222571594,1222578520,6926
934162462,1222336946,1222333975,2971
936761662,1222487961,1222499286,11325
935203176,1222396571,1222399773,3202
938522979,1222641518,1222643786,2268
936390327,1222472384,1222472942,558
938350838,1222628445,1222630036,1591
936031310,1222452195,1222450213,1982
940774956,1222792872,1222791667,1205
933311928,1222279673,1222277087,2586
949362838,1223367357,1223363897,3460
944621465,1223017261,1223015175,2086
942965938,1222930382,1222929195,1187
942480602,1222897736,1222899100,1364
946863926,1223184362,1223190697,6335
944349258,1223000905,1223000411,494
941812140,1222864251,1222862805,1446
945077573,1223049346,1223044760,4586
944420377,1223002967,1223003277,310
946878826,1223185920,1223192019,6099
954114235,1223644051,1223637626,6425
953224970,1223583394,1223584933,1539
957078017,1223861962,1223860574,1388
952043784,1223511276,1223515939,4663
954570697,1223664727,1223667964,3237
953344644,1223589265,1223590834,1569
953015626,1223573491,1223574610,1119
958880264,1223982362,1223982481,119
951877264,1223501638,1223504646,3008
955670519,1223747816,1223747739,77
959450111,1224008981,1224010591,1610
968898356,1224595316,1224594489,827
967656845,1224519861,1224518987,874
960705495,1224082356,1224080825,1531
968276112,1224551104,1224553756,2652
962505287,1224172532,1224171186,1346
960515315,1224073569,1224069215,4354
961869171,1224129834,1224133712,3878
961082399,1224098779,1224097950,829
962317941,1224164062,1224160149,3913
971277819,1224720185,1224722869,2684
971193175,1224715646,1224718275,2629
972330221,1224782360,1224779884,2476
973396197,1224844165,1224845037,872
975372061,1224967587,1224968964,1377
969164091,1224606456,1224607559,1103
975059739,1224948616,1224944564,4052
972648221,1224796391,1224797839,1448
969352467,1224614617,1224616258,1641
971179538,1224714927,1224717535,2608
979928531,1225247324,1225248488,1164
988983814,1225787548,1225783893,3655
989189317,1225801743,1225793803,7940
989070670,1225794439,1225788082,6357
988109262,1225741418,1225742231,813
980983563,1225307073,1225308077,1004
986409950,1225640174,1225634573,5601
984439543,1225490101,1225492026,1925
986299240,1225632571,1225627008,5563
983153818,1225418466,1225423639,5173
994799161,1226060883,1226054542,6341
997840161,1226262876,1226260795,2081
994270064,1226023523,1226024003,480
992430812,1225925351,1225925919,568
990846021,1225856760,1225862158,5398
992721987,1225940305,1225942553,2248
994311797,1226025817,1226025880,63
992891466,1225950959,1225953077,2118
998149436,1226281388,1226282571,1183
991689989,1225894503,1225894163,340
1008574068,1226865984,1226862136,3848
1001228452,1226447078,1226448174,1096
1003811225,1226584523,1226577539,6984
1007720968,1226800881,1226801787,906
1007048531,1226761223,1226761084,139
1001946091,1226491407,1226484451,6956
1002484373,1226514440,1226514461,21
1002220994,1226504413,1226499821,4592
1009239966,1226905905,1226906337,432
1003092768,1226540167,1226541796,1629
1014179432,1227155296,1227156355,1059
1013589363,1227129559,1227130753,1194
1013885541,1227141661,1227143603,1942
1022184319,1227589526,1227594748,5222
1022265873,1227594410,1227598633,4223
1018704993,1227396034,1227395376,658
1015439161,1227217491,1227219512,2021
1016494627,1227276181,1227269529,6652
1021686627,1227567630,1227571039,3409
1012124120,1227057711,1227059639,1928
1028773532,1227921612,1227921754,142
1024652466,1227712628,1227708453,4175
1025516476,1227744905,1227748327,3422
1032298523,1228141546,1228132342,9204
1028935074,1227930909,1227932939,2030
1028000197,1227883961,1227883592,369
1023517464,1227652892,1227656287,3395
1032086963,1228130684,1228122463,8221
1027383388,1227843894,1227846862,2968
1030248654,1228016331,1228021232,4901
1038048416,1228394410,1228389165,5245
1044066641,1228690449,1228689371,1078
1040262521,1228489445,1228486190,3255
1046254503,1228788786,1228789818,1032
1045449869,1228759701,1228753877,5824
1044289950,1228700797,1228700835,38
1035201211,1228263237,1228263581,344
1035558282,1228277984,1228279283,1299
1046758097,1228814899,1228811261,3638
1041542454,1228538667,1228539827,1160
1058521724,1229350424,1229347762,2662
1049996041,1228945009,1228948847,3838
1055027560,1229157341,1229158224,883
1054655057,1229135408,1229142721,7313
1059082955,1229368645,1229372430,3785
1060256837,1229415770,1229420827,5057
1057662729,1229304505,1229304215,290
1051652583,1229017055,1229019297,2242
1048136605,1228867143,1228869884,2741
1057576698,1229300613,1229300242,371
1068465066,1229745646,1229747815,2169
1068770305,1229765613,1229763000,2613
1068197537,1229733434,1229736294,2860
1063972365,1229561747,1229561583,164
1071060682,1229893060,1229891781,1279
1067974861,1229724531,1229726704,2173
1069224313,1229794043,1229789859,4184
1071323953,1229904778,1229904587,191
1063553607,1229547138,1229545177,1961
1069655587,1229814198,1229815332,1134
1076860751,1230149558,1230150139,581
1078008573,1230217327,1230212727,4600
1081034908,1230398947,1230394756,4191
1075921459,1230104934,1230107143,2209
1076582111,1230138800,1230137148,1652
1077465954,1230178813,1230181045,2232
1080380504,1230353634,1230353871,237
1080989609,1230396710,1230391884,4826
1083370847,1230523705,1230526328,2623
1076883442,1230150564,1230151298,734
1097136508,1231164927,1231158531,6396
1093333849,1230987348,1230981128,6220
1089684809,1230797321,1230798861,1540
1090103328,1230827646,1230823551,4095
1098328559,1231201162,1231200518,644
1095551592,1231095574,1231089178,6396
1094773872,1231049821,1231052989,3168
1093897359,1231012953,1231011456,1497
1092458156,1230938962,1230939454,492
1087918128,1230729483,1230724780,4703
1100780366,1231290407,1231293007,2600
1109743518,1231623476,1231626323,2847
1105175366,1231447447,1231445681,1766
1100147599,1231270170,1231269059,1111
1112309792,1231731765,1231737950,6185
1100666513,1231286680,1231288710,2030
1103492524,1231383632,1231388415,4783
1109546701,1231616166,1231617307,1141
1113482343,1231779899,1231780111,212
1108641769,1231570244,1231577921,7677
1123514729,1232107909,1232105716,2193
1126336183,1232208676,1232200851,7825
1128275634,1232292016,1232282491,9525
1124199732,1232126846,1232128592,1746
1124505238,1232134885,1232137954,3069
1116772185,1231884930,1231885809,879
1125961120,1232190438,1232185040,5398
1120263457,1231995230,1231995650,420
1126715788,1232221374,1232216853,4521
1126211325,1232204039,1232195587,8452
1139781179,1232649243,1232645943,3300
1148820513,1232970098,1232967086,3012
1139620656,1232645507,1232641009,4498
1141059291,1232682517,1232688014,5497
1138363358,1232601773,1232602654,881
1148500404,1232953909,1232955565,1656
1147068755,1232905722,1232901472,4250
1142535136,1232732943,1232734678,1735
1141666327,1232708706,1232708761,55
1141014544,1232681176,1232686485,5309
1164352855,1233405337,1233397354,7983
1155291931,1233152687,1233147017,5670
1153155927,1233088586,1233089774,1188
1165696835,1233447676,1233448170,494
1153503591,1233096028,1233099321,3293
1163427362,1233364280,1233367348,3068
1156723098,1233181913,1233183586,1673
1157347121,1233197283,1233203037,5754
1165111411,1233429593,1233426014,3579
1168199176,1233534200,1233535147,947
1189287479,1234114871,1234114569,302
1177158375,1233773271,1233774262,991
1185285055,1233973443,1233975455,2012
1186166451,1234010348,1234002783,7565
1187621525,1234051802,1234053899,2097
1180152656,1233851203,1233851256,53
1180759349,1233862644,1233863706,1062
1182326980,1233898634,1233899020,386
1187585270,1234050769,1234052553,1784
1183653831,1233938204,1233937120,1084
1208891195,1234584920,1234587346,2426
1215872173,1234804390,1234800816,3574
1215969849,1234806301,1234803320,2981
1204594646,1234482042,1234486543,4501
1200755713,1234393702,1234396997,3295
1215239616,1234791282,1234784598,6684
1215064505,1234786181,1234780108,6073
1203162620,1234456653,1234453105,3548
1200203960,1234383441,1234384135,694
1206701400,1234539774,1234535785,3989
1224004093,1234985862,1234982252,3610
1230519572,1235137752,1235128255,9497
1227038842,1235058715,1235050119,8596
1224190238,1234989177,1234986344,2833
1219959782,1234897674,1234894710,2964
1232442889,1235171038,1235170722,316
1238669817,1235346745,1235344917,1828
1223964961,1234985161,1234981391,3770
1236690622,1235290734,1235289278,1456
1243190720,1235439803,1235439013,790
1247290469,1235523975,1235524108,133
1271764527,1236042670,1236043465,795
1268955873,1235996033,1235996040,7
1255429450,1235684130,1235689405,5275
1253531436,1235654999,1235650739,4260
1251597315,1235607991,1235611251,3260
1252673538,1235629345,1235633223,3878
1249978847,1235582515,1235578397,4118
1260651946,1235785847,1235795803,9956
1254975965,1235677417,1235680186,2769
1280031421,1236196355,1236197444,1089
1292976994,1236440323,1236434351,5972
1290426800,1236377555,1236376818,737
1293816805,1236455939,1236453791,2148
1295881801,1236504513,1236507104,2591
1293328940,1236447062,1236442498,4564
1304919717,1236684079,1236684727,648
1296285742,1236518564,1236517164,1400
1284549410,1236278225,1236279521,1296
1296450658,1236522850,1236520683,2167
1317868396,1236887637,1236888390,753
1325676909,1237003135,1237014861,11726
1320375444,1236922123,1236921954,169
1318431989,1236894117,1236895286,1169
1327581422,1237049204,1237049471,267
1309373551,1236750102,1236749552,550
1334355081,1237170517,1237170813,296
1313406226,1236815415,1236819528,4113
1318706894,1236897445,1236898649,1204
1314151716,1236825936,1236832612,6676
1372101603,1237756376,1237755862,514
1369754496,1237711450,1237717532,6082
1376705339,1237829621,1237825425,4196
1368742315,1237689128,1237697465,8337
1350632386,1237410611,1237411697,1086
1355232766,1237480338,1237476912,3426
1370461643,1237731552,1237731551,1
1368177317,1237680055,1237686263,6208
1378496634,1237849822,1237852928,3106
1355377277,1237481871,1237479172,2699
1399080778,1238127281,1238129151,1870
1383166859,1237918853,1237918464,389
1391468822,1238027824,1238028245,421
1397750656,1238111686,1238113286,1600
1395562280,1238087610,1238086328,1282
1396012771,1238092510,1238092558,48
1403758970,1238191541,1238195423,3882
1387105566,1237974487,1237973031,1456
1403890222,1238193080,1238197632,4552
1389066962,1238001100,1238001366,266
1430284034,1238575794,1238575377,417
1467141186,1239073385,1239076376,2991
1449989956,1238819566,1238820740,1174
1450860617,1238839026,1238834168,4858
1469452502,1239110734,1239105605,5129
1435333904,1238633698,1238633975,277
1461144552,1238993973,1238993921,52
1467984521,1239084432,1239087147,2715
1468489355,1239094763,1239093562,1201
1430038090,1238570721,1238571906,1185
1495032341,1239420473,1239425828,5355
1488253473,1239334743,1239341203,6460
1511663236,1239655547,1239654980,567
1485066298,1239300803,1239300154,649
1507444642,1239599164,1239604654,5490
1485528658,1239305610,1239305135,475
1473361529,1239152077,1239155030,2953
1481174537,1239247258,1239252662,5404
1501076995,1239508004,1239508294,290
1485115162,1239301311,1239300680,631
1526487181,1239813735,1239806977,6758
1563413350,1240206297,1240209729,3432
1563263851,1240204405,1240208056,3651
1527808782,1239824994,1239820944,4050
1545750383,1240003541,1240008053,4512
1536272133,1239911953,1239910676,1277
1573031731,1240295233,1240298597,3364
1562472627,1240196655,1240199203,2548
1547112227,1240015026,1240022920,7894
1564163693,1240218358,1240218124,234
1603315746,1240577622,1240573984,3638
1582882577,1240384468,1240384446,22
1622463739,1240772953,1240768069,4884
1611994098,1240656534,1240651029,5505
1610033780,1240628647,1240629240,593
1575376219,1240324931,1240318506,6425
1627739855,1240826247,1240822158,4089
1592452783,1240472190,1240475709,3519
1609319420,1240622334,1240622637,303
1588508408,1240436774,1240437842,1068
1660111463,1241107107,1241106017,1090
1682063782,1241303535,1241303098,437
1664063702,1241134379,1241138555,4176
1677604354,1241258373,1241255672,2701
1643072786,1240955598,1240956594,996
1679662311,1241283197,1241277558,5639
1695820147,1241445669,1241443434,2235
1676575967,1241242094,1241244735,2641
1671996144,1241205633,1241203367,2266
1684437051,1241323512,1241328437,4925
1706928541,1241537245,1241530269,6976
1725020362,1241678366,1241683189,4823
1729832960,1241722637,1241720465,2172
1736623432,1241781871,1241776758,5113
1705936255,1241530150,1241522005,8145
1751536742,1241923251,1241930937,7686
1753016531,1241938122,1241946619,8497
1765461854,1242066718,1242064517,2201
1742563367,1241832611,1241834075,1464
1766912439,1242076631,1242075604,1027
1807505807,1242404481,1242404801,320
1795427006,1242312313,1242305315,6998
1848398379,1242748146,1242746660,1486
1815161703,1242463426,1242462687,739
1825960614,1242570010,1242567719,2291
1787134318,1242239919,1242240854,935
1782544260,1242201842,1242207209,5367
1837769945,1242667180,1242664615,2565
1789596209,1242258809,1242257933,876
1826504720,1242574801,1242573160,1641
1871598218,1242917780,1242917736,44
1912592121,1243260736,1243257353,3383
1871955693,1242919826,1242920026,200
1899644445,1243136600,1243136588,12
1876160752,1242945812,1242946957,1145
1912118337,1243256619,1243253120,3499
1921270805,1243321370,1243322750,1380
1890822010,1243055098,1243063658,8560
1855978312,1242793706,1242794365,659
1868933163,1242891731,1242897399,5668
1994837200,1243884729,1243885521,792
1992220805,1243869840,1243865808,4032
1940901048,1243466966,1243466060,906
1990524543,1243857945,1243852328,5617
1950656894,1243538264,1243538343,79
1984682835,1243809342,1243806192,3150
1945043516,1243496577,1243495250,1327
1933459088,1243407602,1243413601,5999
1932438591,1243398489,1243405532,7043
1928308427,1243373843,1243373245,598
2085995385,1244522790,1244529653,6863
2081462608,1244496395,1244497147,752
2075018497,1244459961,1244454127,5834
2002691761,1243943703,1243937256,6447
2076070690,1244468601,1244461120,7481
2062658372,1244357621,1244361627,4006
2019349158,1244053376,1244052600,776
2078122508,1244480073,1244474755,5318
2072713091,1244435702,1244438618,2916
2055856400,1244307887,1244302258,5629
2100935511,1244620626,1244624979,4353
2170046368,1245018639,1245019211,572
2148885005,1244859118,1244860064,946
2170353298,1245020518,1245021316,798
2170886710,1245023786,1245024975,1189
2151012820,1244872307,1244877195,4888
2101161216,1244623041,1244626586,3545
2160825904,1244947234,1244947812,578
2106319006,1244657530,1244657866,336
2159298357,1244937184,1244937892,708
2211161287,1245267038,1245265180,1858
2274525569,1245644077,1245647695,3618
2220520113,1245320256,1245314901,5355
2266623583,1245599373,1245593937,5436
2230281374,1245369218,1245368081,1137
2217343478,1245296641,1245297844,1203
2241991033,1245436676,1245433064,3612
2250213499,1245481108,1245483406,2298
2200963657,1245206222,1245208738,2516
2222004192,1245331259,1245322986,8273
2378403245,1246232599,1246232603,4
2382722699,1246247734,1246254902,7168
2359105855,1246112618,1246105980,6638
2388893423,1246289957,1246286759,3198
2353801216,1246069913,1246072927,3014
2389660146,1246293300,1246290717,2583
2403879274,1246371006,1246367100,3906
2320827382,1245899537,1245899757,220
2296395064,1245773269,1245766575,6694
2406281773,1246381463,1246380154,1309
2455237386,1246634976,1246629412,5564
2414637638,1246418467,1246425092,6625
2484751020,1246815929,1246811814,4115
2495625069,1246879559,1246874839,4720
2452104084,1246616559,1246612837,3722
2496217384,1246883763,1246877757,6006
2499388494,1246898781,1246893379,5402
2442499139,1246565533,1246567617,2084
2453333516,1246625735,1246619341,6394
2460640717,1246658825,1246657995,830
2524415585,1247014890,1247015477,587
2527788544,1247029099,1247032403,3304
2592865800,1247366490,1247365984,506
2566151613,1247221005,1247223117,2112
2610952147,1247469655,1247468630,1025
2521750066,1247003267,1247002401,866
2586610560,1247335266,1247329758,5508
2623809911,1247532582,1247531572,1010
2623590431,1247531660,1247530498,1162
2526106096,1247021864,1247023960,2096
2655653204,1247683581,1247685147,1566
2713672088,1247961393,1247962450,1057
2731748967,1248057338,1248060204,2866
2720987302,1248003468,1248003071,397
2637240565,1247599076,1247596771,2305
2661691365,1247707744,1247713751,6007
2751023246,1248145417,1248150183,4766
2629838208,1247563570,1247560864,2706
2629011499,1247557077,1247556854,223
2637189918,1247598882,1247596525,2357
2801082989,1248367243,1248365593,1650
2852101863,1248608372,1248603348,5024
2782445548,1248287089,1248284927,2162
2876356920,1248724900,1248723382,1518
2776734416,1248264686,1248259214,5472
2783321780,1248290160,1248288872,1288
2838407669,1248535722,1248532964,2758
2757455765,1248181802,1248177491,4311
2839273518,1248539779,1248538027,1752
2857482159,1248637679,1248634921,2758
3113493621,1249341616,1249341581,35
2942395247,1249004104,1248989370,14734
2898362828,1248819949,1248821144,1195
2923549179,1248925385,1248930695,5310
3079393521,1249177061,1249177905,844
3067321389,1249113724,1249134152,20428
3084955415,1249208530,1249205405,3125
3111715243,1249335075,1249334973,102
3110116071,1249328942,1249329031,89
3069938699,1249134170,1249137185,3015
3194094888,1249745886,1249742577,3309
3158925980,1249526933,1249535972,9039
3222297814,1249894139,1249893108,1031
3230019805,1249930485,1249930325,160
3239513925,1249963807,1249965597,1790
3226566829,1249917993,1249915755,2238
3152800333,1249505898,1249510786,4888
3238306282,1249959522,1249959642,120
3211246294,1249842617,1249840849,1768
3207892988,1249827357,1249826417,940
3311089810,1250269303,1250268765,538
3301767160,1250224860,1250232625,7765
3350540298,1250460127,1250460328,201
3334712159,1250374604,1250374095,509
3340263277,1250399669,1250404273,4604
3372962900,1250557059,1250559787,2728
3344104528,1250429726,1250425344,4382
3345493512,1250437394,1250432963,4431
3293232106,1250195372,1250196441,1069
3304867100,1250241855,1250245767,3912
3400528115,1250663306,1250668023,4717
3476311202,1250965806,1250961730,4076
3470956855,1250944195,1250937201,6994
3444701925,1250834603,1250839556,4953
3386114024,1250615290,1250610017,5273
3455491927,1250880068,1250880789,721
3388431487,1250622626,1250618976,3650
3499508741,1251064685,1251066035,1350
3382535730,1250603068,1250596186,6882
3414403862,1250720251,1250721060,809
3660797506,1251698741,1251702309,3568
3584964822,1251398495,1251398808,313
3599314384,1251450093,1251446109,3984
3634445950,1251588644,1251588774,130
3646553461,1251646450,1251638931,7519
3565302181,1251323061,1251321904,1157
3603484026,1251469863,1251462642,7221
3646663320,1251646892,1251639435,7457
3591801475,1251419445,1251420272,827
3547813549,1251251578,1251256099,4521
3703414484,1251860143,1251865498,5355
3783590780,1252176764,1252175429,1335
3723116292,1251939058,1251938351,707
3761036003,1252084845,1252084804,41
3804192326,1252267690,1252267778,88
3702907446,1251858517,1251863383,4866
3825094071,1252354521,1252351768,2753
3764064111,1252094303,1252094526,223
3816882409,1252322320,1252316975,5345
3768617873,1252108893,1252109145,252
3898818750,1252625017,1252624480,537
3859167054,1252481495,1252479462,2033
3861968918,1252498867,1252490813,8054
3976155493,1252914637,1252913029,1608
3896793724,1252618905,1252618331,574
3882276116,1252563009,1252570802,7793
3919019639,1252701259,1252702026,767
3920836307,1252706884,1252708156,1272
3849837058,1252448295,1252448467,172
3955726802,1252854432,1252851137,3295
4110387516,1253395514,1253396075,561
4090406550,1253315363,1253316213,850
4090505114,1253315673,1253316632,959
4116530527,1253416544,1253417082,538
4042784605,1253148287,1253148059,228
4014151052,1253050689,1253050094,595
4012098926,1253045061,1253043689,1372
4146539079,1253541328,1253540409,919
4104332036,1253375352,1253375367,15
4045313485,1253155262,1253155322,60
4374573358,1253902776,1253903557,781
4330703168,1253755632,1253758183,2551
4308994223,1253683233,1253690188,6955
4422157217,1254075455,1254074265,1190
4388323911,1253944268,1253950502,6234
4426295046,1254087103,1254088044,941
4360691413,1253851969,1253857583,5614
4322651605,1253733090,1253733063,27
4400158230,1253993399,1253994118,719
4379657547,1253917311,1253917891,580
4606150115,1254674743,1254669219,5524
4508399484,1254348190,1254348066,124
4582823085,1254589816,1254589828,12
4646991030,1254800708,1254807377,6669
4650190408,1254813469,1254818818,5349
4502830352,1254333063,1254332825,238
4527094005,1254411025,1254410860,165
4639090384,1254780649,1254780325,324
4545173995,1254457448,1254463840,6392
4604975291,1254671171,1254664685,6486
4778919851,1255240715,1255247239,6524
4752964870,1255145631,1255149816,4185
4752936308,1255145543,1255149725,4182
4730319532,1255078324,1255074426,3898
4671400607,1254880467,1254882406,1939
4742088083,1255115361,1255115206,155
4842032004,1255461055,1255459718,1337
4692149512,1254950077,1254950064,13
4774577269,1255226314,1255229790,3476
4686403508,1254934170,1254934428,258
4934386730,1255750353,1255754227,3874
4962748086,1255851953,1255852035,82
4893284642,1255626421,1255626390,31
4935216385,1255752940,1255757482,4542
4866126465,1255538964,1255536795,2169
4944244305,1255794084,1255792899,1185
4857728960,1255509219,1255510736,1517
4957579762,1255833376,1255833279,97
4988193048,1255949236,1255949583,347
4860417537,1255522681,1255519127,3554
5054162518,1256164256,1256163038,1218
5097979391,1256308620,1256302669,5951
5024169758,1256062683,1256062114,569
5093789671,1256294258,1256288165,6093
5087689792,1256267127,1256268887,1760
5115481308,1256356803,1256361857,5054
5045510559,1256137031,1256136392,639
5151854402,1256493639,1256493051,588
5039998811,1256114765,1256115557,792
5060810427,1256182662,1256182678,16
5342133047,1257098153,1257096388,1765
5341363801,1257095773,1257094045,1728
5326337811,1257034965,1257038188,3223
5243212468,1256770782,1256770030,752
5292512104,1256922944,1256922166,778
5228198117,1256730454,1256725256,5198
5392200059,1257258112,1257255646,2466
5194544607,1256623234,1256621481,1753
5249134636,1256784892,1256784963,71
5371303114,1257191754,1257191218,536
5521977518,1257648171,1257648102,69
5484751187,1257530634,1257531046,412
5431752045,1257372247,1257375127,2880
5595273438,1257877120,1257876105,1015
5478474999,1257514799,1257513506,1293
5411142231,1257305863,1257307526,1663
5420277932,1257342577,1257339363,3214
5441005644,1257394426,1257402406,7980
5517214944,1257634446,1257634223,223
5593254057,1257872085,1257870332,1753
5784768161,1258426201,1258431996,5795
5703346786,1258179855,1258180988,1133
5705443889,1258189568,1258188598,970
5773070231,1258399053,1258398763,290
5777401152,1258409452,1258411090,1638
5768807056,1258388554,1258386448,2106
5600583181,1257890206,1257891347,1141
5745858902,1258319447,1258320158,711
5769207300,1258389520,1258387605,1915
5794429654,1258461114,1258459414,1700
5949746886,1258909226,1258909214,12
5936327649,1258860057,1258861433,1376
5808233867,1258496527,1258498513,1986
5895086197,1258738152,1258738753,601
5923428215,1258824704,1258824801,97
5918751047,1258811554,1258810886,668
5807134719,1258494004,1258495409,1405
5920866571,1258817872,1258817792,80
5870446010,1258668571,1258672414,3843
5812523566,1258505976,1258510624,4648
6109361487,1259320590,1259317619,2971
6148965558,1259437380,1259435750,1630
6112720921,1259331397,1259327324,4073
6055234202,1259169405,1259164867,4538
6138099915,1259402122,1259401555,567
6228384643,1259651112,1259656259,5147
6201059880,1259587529,1259584445,3084
6120447561,1259350449,1259349644,805
6043786435,1259133835,1259133145,690
6221672139,1259634168,1259638686,4518
6293345190,1259813955,1259815010,1055
6310346164,1259863434,1259858169,5265
6283006041,1259792256,1259791359,897
6409215157,1260131443,1260129970,1473
6329734853,1259908274,1259908451,177
6410496849,1260133946,1260133606,340
6430453649,1260192663,1260188979,3684
6343779504,1259948865,1259945305,3560
6263913985,1259742060,1259746921,4861
6264478969,1259744499,1259748348,3849
6582946009,1260575119,1260574743,376
6603672811,1260637740,1260634557,3183
6682197892,1260843768,1260847972,4204
6588252617,1260587108,1260589793,2685
6473266121,1260302471,1260304284,1813
6699675962,1260892673,1260892485,188
6599377645,1260626166,1260622088,4078
6607347126,1260647040,1260645223,1817
6577450553,1260562579,1260560516,2063
6553022632,1260498562,1260497752,810
6751467110,1261017726,1261020544,2818
6847938693,1261277166,1261278383,1217
6710580053,1260917479,1260920417,2938
6796109364,1261143477,1261134934,8543
6806250655,1261165528,1261161966,3562
6796685593,1261144911,1261136470,8441
6892444719,1261400320,1261397137,3183
6750659594,1261016066,1261018642,2576
6869126363,1261338606,1261336644,1962
6847017374,1261275047,1261275850,803
7054264237,1261807668,1261812280,4612
6978416691,1261606580,1261605289,1291
6997333025,1261655208,1261650785,4423
7151035270,1262068087,1262073496,5409
6948645127,1261531466,1261535892,4426
7002949667,1261669979,1261665383,4596
7075959567,1261876991,1261876709,282
6935799934,1261503846,1261505153,1307
7148318076,1262062148,1262066942,4794
6944176743,1261521520,1261525199,3679
7278411043,1262378627,1262378197,430
7250934759,1262301087,1262301074,13
7242212645,1262282651,1262280872,1779
7256282882,1262313772,1262315985,2213
7396119828,1262674827,1262674898,71
7332434725,1262526611,1262526593,18
7308449359,1262462857,1262462634,223
7226850847,1262245004,1262245292,288
7240415404,1262279432,1262276710,2722
7254493935,1262309368,1262310956,1588
7396210083,1262675092,1262612816,62276
7515714108,1262951030,1262947535,3495
7508338201,1262928750,1262931001,2251
7437226801,1262775119,1262771598,3521
7701418658,1263370205,1263363810,6395
7434491402,1262765531,1262765466,65
7411609068,1262717472,1262712033,5439
7668510697,1263302630,1263290043,12587
7652931105,1263262514,1263255120,7394
7931864874,1263873103,1263878278,5175
7536766627,1262993400,1262994726,1326
8056379426,1264133375,1264137553,4178
7998771154,1264019685,1264016581,3104
8206994131,1264453755,1264453266,489
8071645549,1264171735,1264167803,3932
8118264607,1264269363,1264268511,852
8177270096,1264390427,1264390280,147
8152407880,1264346498,1264345696,802
8226904456,1264490309,1264495097,4788
7948221384,1263913622,1263913610,12
8016389107,1264051194,1264055482,4288
8349124145,1264731184,1264730733,451
8341175883,1264717808,1264717328,480
8306359701,1264647120,1264651150,4030
8283117066,1264606500,1264602142,4358
8338123324,1264712450,1264712179,271
8344268784,1264723120,1264722544,576
8352044618,1264735819,1264735658,161
8257255986,1264551605,1264551100,505
8302671089,1264640735,1264643401,2666
8351719558,1264735309,1264735110,199
8353366681,1264737888,1264688970,48918
8531304145,1265088975,1265075050,13925
8721789032,1265462993,1265435987,27006
8596269282,1265218798,1265198148,20650
9019944341,1265999007,1266000942,1935
8549565151,1265129972,1265109651,20321
8412475783,1264861175,1264849890,11285
9270878193,1266471152,1266476419,5267
8571231662,1265166089,1265150706,15383
8997748558,1265955703,1265958884,3181
9087399997,1266126721,1266128759,2038
9812873446,1267422665,1267425722,3057
9625493964,1267104746,1267103424,1322
9868271946,1267524003,1267520369,3634
9858031274,1267501684,1267502118,434
9513605626,1266903525,1266903519,6
9827447855,1267454727,1267452999,1728
9683052772,1267199015,1267200287,1272
9853101299,1267494660,1267494466,194
9776505418,1267364345,1267363148,1197
9655665116,1267149888,1267154523,4635
10169016557,1268052540,1268049595,2945
10050329904,1267835962,1267837181,1219
10069022934,1267872340,1267869206,3134
10126810951,1267980444,1267980070,374
10136867878,1267997440,1267995553,1887
9990296494,1267736222,1267735339,883
10183424450,1268075025,1268074985,40
10205626732,1268108985,1268110419,1434
10070922466,1267877225,1267872884,4341
9913430168,1267598450,1267603357,4907
10580515647,1268762365,1268761131,1234
10339315658,1268340990,1268341118,128
10410401429,1268460223,1268461427,1204
10507031891,1268637259,1268636676,583
10569594374,1268745978,1268741569,4409
10552724136,1268711837,1268712827,990
10281944272,1268244109,1268244029,80
10418561018,1268480276,1268476289,3987
10372690446,1268402244,1268397949,4295
10264875324,1268215255,1268216848,1593
10657851199,1268890717,1268893540,2823
10691063044,1268949127,1268948871,256
10627023046,1268840735,1268840647,88
10897340874,1269301967,1269300934,1033
10653505610,1268883227,1268885502,2275
10645385065,1268870241,1268870482,241
10772962533,1269092748,1269087119,5629
10617828205,1268826788,1268825782,1006
10628031876,1268842226,1268842278,52
10790311267,1269119858,1269119832,26
11103742693,1269628576,1269628356,220
10983369348,1269443303,1269440085,3218
11008059313,1269478055,1269478720,665
11052303772,1269549645,1269549673,28
11078020360,1269587689,1269589244,1555
10942019958,1269375558,1269374655,903
11120149633,1269652640,1269655056,2416
11052572867,1269550063,1269550087,24
10981760896,1269441217,1269437258,3959
11006371629,1269475846,1269476279,433
11137822231,1269684673,1269636065,48608
11622828359,1270438702,1270427582,11120
12019260613,1271033440,1271034818,1378
11195683411,1269785351,1269773302,12049
11676730556,1270522492,1270510147,12345
12071364158,1271113972,1271114364,392
12352144439,1271524894,1271523935,959
11707271132,1270572310,1270556927,15383
12344320183,1271515298,1271511130,4168
11335695561,1269993094,1269987766,5328
12476304834,1271711759,1271711589,170
12675851812,1271987999,1271992591,4592
12699916980,1272026909,1272026074,835
12661372307,1271970728,1271972444,1716
12755848572,1272103889,1272106170,2281
12914392840,1272327844,1272331492,3648
12749583164,1272090838,1272097177,6339
12838283487,1272223566,1272225971,2405
12590438630,1271873619,1271873744,125
12553987009,1271818915,1271821580,2665
12891052588,1272298088,1272299938,1850
13199493349,1272734802,1272733190,1612
13240099223,1272797546,1272792869,4677
13337358332,1272935431,1272934181,1250
12958544890,1272393075,1272391711,1364
13079299206,1272560848,1272557092,3756
12954503518,1272387296,1272386152,1144
13240184893,1272797725,1272792994,4731
13138842163,1272645903,1272643517,2386
13005948528,1272460868,1272456488,4380
12983414518,1272423731,1272425919,2188
13547892698,1273238021,1273235543,2478
13383475919,1273005928,1273001964,3964
13692536172,1273445924,1273446047,123
13757141927,1273537295,1273538745,1450
13716703557,1273482346,1273480843,1503
13516243345,1273190582,1273190591,9
13573818193,1273272378,1273272364,14
13531325799,1273209762,1273212013,2251
13723637461,1273494076,1273490826,3250
13586982207,1273289047,1273291659,2612
14079123940,1273985763,1273989704,3941
14087796128,1273999251,1274001989,2738
13841282117,1273656120,1273656002,118
14062450562,1273963568,1273966084,2516
14188138230,1274136171,1274135509,662
13906120372,1273746140,1273745462,678
14103519955,1274022918,1274023979,1061
14196489823,1274145484,1274145774,290
14000365647,1273875114,1273877472,2358
13849833388,1273669404,1273667797,1607
14378051487,1274379918,1274380389,471
14485425530,1274522186,1274521703,483
14220654135,1274180527,1274175852,4675
14624259795,1274709066,1274709111,45
14462145234,1274488320,1274489807,1487
14400662783,1274409067,1274409325,258
14536421764,1274588905,1274592494,3589
14477298666,1274507356,1274510568,3212
14634067391,1274719141,1274720412,1271
14262982942,1274231545,1274229804,1741
15040972856,1275226070,1275221639,4431
15182181957,1275403271,1275400269,3002
15040242843,1275225227,1275220678,4549
14694094597,1274795625,1274790969,4656
14835693346,1274968275,1274965471,2804
14899659960,1275045807,1275044840,967
14933980778,1275083118,1275087170,4052
14993523321,1275160801,1275161043,242
15019558670,1275193260,1275193744,484
14845881763,1274978481,1274977825,656
15558544496,1275834228,1275831173,3055
15579263835,1275857130,1275854531,2599
15669532324,1275959161,1275960042,881
15270520356,1275504932,1275506719,1787
15225246921,1275449269,1275452733,3464
15561408817,1275837097,1275834402,2695
15602835013,1275881233,1275881103,130
15567329835,1275843125,1275841077,2048
15597018322,1275876121,1275874546,1575
15489996338,1275747932,1275748174,242
16048401812,1276400078,1276406191,6113
15838225337,1276161093,1276160191,902
16068366920,1276432069,1276432069,0
16214613187,1276597483,1276592815,4668
16012412840,1276358741,1276359543,802
15737965144,1276037406,1276038766,1360
15995796941,1276341811,1276339189,2622
15832316158,1276151719,1276153159,1440
15844370625,1276170029,1276166818,3211
16155974556,1276529549,1276527052,2497
16495350790,1276892067,1276894983,2916
16430781229,1276823831,1276823228,603
16307519016,1276696309,1276695968,341
16403625337,1276794686,1276793455,1231
16493208588,1276889749,1276892586,2837
16416986511,1276807918,1276807949,31
16413491958,1276804766,1276804153,613
16484853285,1276881134,1276883236,2102
16388636154,1276781276,1276777202,4074
16437445580,1276829763,1276830610,847
16765416506,1277206353,1277206148,205
17224181465,1277697184,1277697947,763
16852200278,1277301987,1277298591,3396
17189044530,1277667165,1277666923,242
17192222489,1277670181,1277669729,452
17264154198,1277743606,1277741334,2272
17327549946,1277813579,1277810031,3548
17282269402,1277761689,1277761478,211
16992723816,1277445292,1277446661,1369
17168492502,1277649360,1277648018,1342
17529795212,1278028613,1278028634,21
17725256599,1278255446,1278253361,2085
17748842047,1278283667,1278283630,37
17379821811,1277863400,1277866014,2614
17447255885,1277938283,1277937514,769
17769671884,1278308116,1278308347,231
17763683266,1278301123,1278301304,181
17751230834,1278286690,1278286660,30
17794239960,1278340485,1278337239,3246
17531532897,1278030443,1278030583,140
18345050780,1278930933,1278926678,4255
18195705239,1278768011,1278764851,3160
18045534869,1278605671,1278606218,547
18405179381,1278990310,1278992680,2370
17987277662,1278542910,1278543060,150
18317775752,1278897464,1278898624,1160
18166869017,1278730412,1278731587,1175
18057502657,1278617223,1278617938,715
18069397033,1278630134,1278629587,547
18344554429,1278930223,1278926124,4099
18964534006,1279596435,1279596710,275
18866925900,1279490354,1279489728,626
18874274699,1279498585,1279498341,244
18826645608,1279441083,1279442492,1409
18761762800,1279368305,1279365817,2488
18960134247,1279591947,1279592164,217
18736489294,1279335884,1279335875,9
18493816609,1279081873,1279084683,2810
18728642188,1279328305,1279328337,32
18649998971,1279246345,1279248947,2602
19380189182,1279931266,1279931655,389
19324032318,1279874186,1279872356,1830
19274517017,1279823103,1279824110,1007
19266008640,1279815105,1279815926,821
19107560193,1279748641,1279748637,4
19341700141,1279893890,1279890935,2955
19088253036,1279729184,1279728516,668
19002494834,1279640199,1279637907,2292
19332960925,1279885986,1279881745,4241
19036249171,1279673768,1279674319,551
19491188893,1280058643,1279989950,68693
20282875586,1280901241,1280904191,2950
20035892038,1280630352,1280640404,10052
20713384600,1281365255,1281365597,342
19978413705,1280564850,1280579015,14165
20063418949,1280670766,1280669804,962
20718855110,1281369840,1281370588,748
20408404793,1281033705,1281038260,4555
19575524862,1280152826,1280148717,4109
20057385068,1280663778,1280663359,419
20675040172,1281321921,1281323957,2036
21165701024,1281806594,1281813605,7011
21146246829,1281789139,1281794169,5030
21212042880,1281854512,1281859904,5392
21055956136,1281698502,1281703962,5460
20856035316,1281500557,1281504579,4022
21278319553,1281924480,1281926120,1640
21307905875,1281958806,1281955679,3127
21206926316,1281848873,1281854793,5920
21088752554,1281726900,1281736728,9828
21030620790,1281669424,1281678650,9226
21852381976,1282504969,1282503620,1349
21508271767,1282153692,1282153099,593
21935781806,1282590274,1282590266,8
21860885190,1282513655,1282512653,1002
21655881833,1282302626,1282298335,4291
21776184714,1282423400,1282424679,1279
21758667725,1282405971,1282407063,1092
21555720800,1282199127,1282202011,2884
21683143270,1282326630,1282326311,319
21611109110,1282255218,1282255369,151
22339923345,1282985929,1282987496,1567
22606414044,1283252669,1283250231,2438
22471335764,1283119805,1283120179,374
22159265329,1282808491,1282808515,24
22330113738,1282973068,1282977592,4524
22559668193,1283205539,1283205176,363
22435563613,1283086802,1283084061,2741
22037597260,1282689930,1282689408,522
22128875721,1282778917,1282778725,192
22192056793,1282840545,1282840659,114
23009640274,1283639428,1283639501,73
23084056744,1283716174,1283716234,60
23187739383,1283816827,1283816579,248
22800503420,1283436203,1283436444,241
23156060032,1283788335,1283789525,1190
22979674923,1283610258,1283610581,323
23183935040,1283813275,1283813330,55
22864368485,1283493525,1283492827,698
22792870635,1283429787,1283429046,741
22817670028,1283449487,1283451307,1820
24158277103,1284171490,1284174784,3294
24478579381,1284473514,1284473143,371
24081695340,1284098832,1284099352,520
24364581954,1284365011,1284364703,308
23953766242,1283985210,1283984825,385
24048425274,1284070957,1284070113,844
24076410590,1284093017,1284094708,1691
24465012796,1284461118,1284459983,1135
23961263628,1283991673,1283991394,279
24074586046,1284091339,1284093104,1765
24644747346,1284622513,1284625719,3206
25048939944,1285008379,1285008020,359
24669458659,1284648040,1284647867,173
24723438962,1284692151,1284694642,2491
24588458180,1284571076,1284570579,497
25070848635,1285027776,1285029389,1613
25108984947,1285068363,1285066645,1718
24890625491,1284855202,1284855430,228
24874862059,1284838695,1284839256,561
24865385643,1284830007,1284829543,464
25199641938,1285151193,1285145801,5392
25790248083,1285684679,1285680502,4177
25345775937,1285279041,1285279008,33
25789248637,1285684020,1285679562,4458
25679298669,1285588481,1285584899,3582
25165823430,1285114945,1285114486,459
25273881723,1285212137,1285216896,4759
25198845931,1285150196,1285145026,5170
25627890960,1285538792,1285538400,392
25779414441,1285676765,1285670305,6460
26150581024,1285998136,1286002038,3902
26415387114,1286242291,1286246088,3797
26333948487,1286166848,1286167597,749
26283560395,1286125326,1286125749,423
26410758373,1286238942,1286241538,2596
25865638696,1285749668,1285751555,1887
26356215225,1286194493,1286188712,5781
26368833838,1286203702,1286200854,2848
26413179690,1286240723,1286243918,3195
25952049596,1285822943,1285825587,2644
27102487748,1286853150,1286856549,3399
27006123002,1286773852,1286778056,4204
26825584471,1286611273,1286613878,2605
27069249852,1286831581,1286830297,1284
26979462409,1286752544,1286752667,123
26859756622,1286643573,1286644225,652
26557235193,1286376085,1286375567,518
27136166559,1286888726,1286886189,2537
26785337640,1286572500,1286578136,5636
26565604181,1286381956,1286382999,1043
27310947997,1287030476,1287034750,4274
27331293771,1287055412,1287052436,2976
27180584670,1286923499,1286921129,2370
27504839748,1287198201,1287199575,1374
27516239150,1287208284,1287210166,1882
27768005007,1287434862,1287434747,115
27398884951,1287107718,1287109416,1698
27170744223,1286914916,1286913740,1176
27423907574,1287133071,1287130541,2530
27392366451,1287103062,1287103912,850
28604144293,1287933505,1287931956,1549
27984052887,1287624453,1287624244,209
27931009614,1287581418,1287578051,3367
27865673679,1287520035,1287519657,378
28482901722,1287822039,1287819401,2638
27914527336,1287565921,1287562115,3806
28733871865,1288047838,1288050058,2220
27898882303,1287546422,1287546987,565
28450217995,1287790588,1287790423,165
28408235193,1287756796,1287753351,3445
29353692633,1288600092,1288599623,469
29386476983,1288628464,1288628282,182
28945507052,1288229427,1288232612,3185
29280686121,1288534712,1288531882,2830
28983366432,1288268508,1288265209,3299
29003766207,1288282881,1288282774,107
29145594315,1288405275,1288409019,3744
29225423632,1288480435,1288480833,398
29255455291,1288508677,1288508023,654
28956197827,1288238031,1288241817,3786
